﻿Год,"Чистая прибыль (GAAP, млн $)","Платные подписчики (на конец года, млн)",Новые платные подписчики за год (млн)
2002,-21.9,0.8,0.396
2003,6.5,1.42,0.62
2004,21.6,2.61,1.2
2005,42.0,4.18,1.57
2006,49.1,6.31,2.13
2007,67.0,7.48,1.17
2008,83.4,9.39,1.91
2009,115.9,12.19,2.88
2010,160.8,19.17,6.9
2011,226.0,26.44,7.27
2012,17.2,33.27,6.83
2013,112.4,44.35,11.08
2014,266.8,57.39,13.04
2015,122.6,74.76,17.37
2016,186.7,93.8,19.04
2017,558.9,117.58,23.78
